1.24837e-14 2.27655e-14
1.13677e-14 1.10944e-14
-3.32452e-14 1.24621e-14
3.24099e-14 -5.46696e-15
-2.6703e-16 -1.55075e-05
-2.95564e-15 -0.00198161
-0.00014645 0.0295483
-0.0194777 -0.19795
0.181994 2.1639
-0.552323 3.63817
0.323202 -3.3052
0.831388 2.04749
-1.93819 -1.73297
2.14206 1.62744
-0.593859 -1.17194
-2.43011 1.29561
0.839555 -4.02686e-16
-0.137191 -1.31318e-14
-2.3503e-14 8.49869e-15
-1.83789e-14 -2.81755e-14
1.44946e-14 0.000441299
-7.83971e-15 -0.00267104
0.00416754 0.0344274
-0.0034908 -0.161097
0.169937 -0.128345
0.0120727 -0.222492
0.0663374 0.0552481
-0.0708278 -0.161221
-0.0948798 1.58044e-15
0.0170716 7.5284e-15
1.60005e-14 -8.73351e-15
-1.529e-14 -7.18183e-15
