-5.91825e-15 3.36705e-15
-1.38473e-14 4.18184e-15
-1.56228e-14 8.38313e-15
-8.32492e-16 6.23934e-15
-1.26002e-14 1.39019e-15
-2.42355e-15 4.98754e-15
5.53073e-15 3.70937e-15
7.93312e-15 -2.44867e-15
-1.05752e-15 4.1767e-15
-7.32928e-15 1.77482e-15
-7.70039e-15 -3.11708e-15
-9.7393e-15 5.1599e-15
-6.03134e-15 -4.46719e-15
5.12529e-15 -7.41272e-15
2.62136e-14 2.03472e-15
3.33546e-14 2.04702e-15
3.68023e-14 -1.31655e-15
2.70497e-14 5.73248e-15
1.3707e-14 -3.91306e-15
3.53746e-17 -8.92951e-16
-1.39921e-14 1.50949e-14
-4.84532e-15 7.64004e-15
-1.96421e-14 -4.35479e-16
5.69366e-17 2.10958e-15
1.11005e-15 -4.28933e-15
-5.25852e-15 -9.56192e-15
-6.48907e-15 -1.08911e-14
-1.77285e-14 -6.03054e-15
-1.82755e-14 7.76915e-15
-5.97644e-15 -7.52192e-05
8.04227e-15 0.0017314
-0.000710356 -0.0087683
0.0126464 0.0696952
-0.00309185 0.331714
-0.00272913 0.718112
-0.00341177 1.16993
-0.00482957 1.60692
-0.0059686 1.92096
-0.00585736 1.98932
-0.00355685 1.70784
0.00138411 1.04015
0.00830354 0.0680366
0.0149754 -0.98383
0.0178386 -1.7802
0.0133384 -1.98271
0.000294338 -1.41442
-0.0177336 -0.212687
-0.0319993 1.13381
-0.0318699 1.94912
-0.011783 1.72094
0.0216713 0.473682
0.0488277 -1.10473
0.0469896 -1.98355
0.00865537 -1.47546
-0.0450392 0.150517
-0.0718539 1.68982
-0.0405151 1.85099
0.034029 0.397638
0.0891039 -1.44298
0.0642775 -1.93073
-0.0315219 -0.498105
-0.108045 1.47276
-0.0746342 1.84595
0.0676602 0.292806
-0.0337738 1.9478e-16
-0.031005 -1.45396e-15
4.60802e-16 -7.60822e-16
1.2753e-14 -6.34231e-15
2.32315e-14 -4.07185e-15
2.00244e-14 -6.98767e-15
4.88275e-15 -7.86759e-15
-5.99526e-15 1.33849e-15
-1.68911e-14 2.17679e-15
-8.36547e-15 -1.3438e-15
7.52302e-15 7.92029e-15
1.79834e-14 -5.51191e-16
2.38407e-14 -5.72225e-15
4.65246e-15 1.00333e-14
-3.61217e-15 -1.18707e-15
-8.87272e-16 -1.80561e-14
-1.87425e-14 5.84559e-15
-1.33767e-14 5.66068e-15
-8.02135e-15 6.00832e-16
-3.10267e-14 1.83016e-14
-1.14557e-14 8.18969e-15
8.80165e-15 -5.10777e-15
-1.65392e-15 -1.25917e-14
2.58947e-15 -1.50242e-14
-8.64164e-15 -7.39745e-15
-2.79123e-14 -1.87517e-15
-2.46753e-14 -8.12349e-16
8.35012e-15 -7.58439e-15
9.66129e-15 9.22403e-15
2.60426e-14 0.0104076
1.37795e-14 -0.0741074
0.0982874 0.241016
-0.187281 -0.542331
-0.705267 -0.00886065
0.573578 -0.144557
1.14593 0.206241
-1.14588 -0.310781
-0.336887 -0.0628412
-0.116619 0.02736
0.0523399 -0.162682
-0.9653 -0.0645336
0.89339 -0.100251
0.083006 -0.0398289
0.437848 0.215912
0.824444 -0.164102
-1.38016 0.0875707
0.0428609 -0.0336712
0.451725 -0.251381
-0.135252 8.43372e-16
0.0266186 2.38741e-15
-1.40209e-14 2.50235e-15
-8.60605e-15 -1.03996e-15
3.62894e-15 2.76031e-15
2.49394e-14 5.30641e-15
1.97175e-14 1.09743e-15
2.08303e-14 -4.42048e-15
4.00419e-15 1.11949e-15
-1.31216e-14 5.65375e-15
2.20337e-16 -1.76236e-15
-1.02333e-14 -2.21188e-15
1.7082e-15 -4.09803e-15
-3.7688e-15 -4.40164e-15
8.76969e-16 -3.48691e-15
-6.21739e-15 1.82855e-15
