-5.30138e-15 1.64966e-14
-4.54334e-14 1.6831e-14
4.62134e-15 4.25579e-15
1.77657e-14 1.65281e-15
1.79239e-15 1.16399e-14
-4.18441e-15 1.07917e-14
1.03011e-14 -8.57946e-15
6.10607e-15 -3.2538e-15
2.49863e-14 1.65402e-15
2.85297e-14 3.88004e-16
-4.37234e-14 1.68331e-14
2.6655e-14 1.53499e-14
1.92965e-14 -2.64969e-06
-1.75978e-14 -0.000446652
-2.50232e-05 0.00764958
-0.0043486 -0.039377
0.050323 0.393504
-0.027591 1.55273
-0.0533818 2.68237
-0.0619157 2.53034
0.0165876 0.308412
0.157349 -2.42645
0.135345 -2.15767
-0.182589 1.42873
-0.316832 2.52152
0.215473 -1.40014
0.449879 -2.15348
-0.427926 2.2664
-0.367896 0.628138
0.805113 -2.61324
-0.290036 1.83203
-0.566241 0.850356
0.275591 1.41071e-15
-0.0900437 1.02734e-15
1.94199e-14 -1.01822e-14
3.37391e-14 -1.06293e-15
-2.67733e-14 4.03516e-15
-2.39821e-14 -3.29188e-16
2.41081e-14 4.11729e-15
8.38743e-15 -2.17132e-14
-4.79295e-14 -2.72842e-15
-3.80993e-14 1.33189e-14
8.07615e-15 3.70678e-15
2.30529e-14 -3.58164e-14
-1.18705e-15 0.000366621
-6.02026e-15 0.0134168
0.0034623 -0.012197
0.144762 -0.0587729
0.534597 -0.25755
0.0899745 -0.0241808
0.325051 -0.117565
-0.159584 -0.127299
-0.036082 -0.132721
0.0620854 0.0677
0.266299 0.0345229
-0.0553867 -0.214039
-0.121852 3.28192e-16
0.0226645 1.61764e-15
-4.90037e-15 9.95128e-15
2.98264e-14 4.72977e-16
7.44334e-15 1.58197e-15
5.72041e-15 -6.22419e-15
1.72659e-14 -1.08156e-14
2.97006e-14 -5.29575e-15
