0 0
0 0
0 0
0 0
0 0
0 0
0 0
0 0
0 0
0 0
0 0
0 0
0 0
0 0
0 0
0 0
0 0
0 0
0 0
0 0
0 0
0 0
0 0
0 0
0 0
0 0
0 0
0 0
0 0
0 0
0 0
0 0
0 0
0 0
0 0
0 0
0 0
0 0
0 0
0 0
0 0
0 0
0 0
0 0
0 0
0 0
0 0
0 0
0 0
0 0
0 0
0 0
0 0
0 0
0 0
0 0
0 0
0 0
0 0
0 0
0 0
0 0
0 0.000275203
0 -0.00146781
0.00259896 0.00847968
-0.000308003 0.0604997
-0.000461358 0.145399
-0.000248634 0.255947
-0.000224506 0.387399
-0.000251165 0.535044
-0.000302364 0.693414
-0.000366014 0.855894
-0.000432697 1.01454
-0.000492821 1.1601
-0.000535871 1.28222
-0.000550527 1.36989
-0.000525349 1.41209
-0.000449937 1.39872
-0.000316505 1.32163
-0.000121733 1.17588
0.000131281 0.960933
0.000431265 0.681788
0.000757574 0.349749
0.00107996 -0.0172478
0.00135972 -0.39502
0.00155262 -0.754343
0.00161363 -1.06308
0.00150344 -1.28916
0.00119622 -1.4043
0.000687647 -1.38806
1.88157e-06 -1.23174
-0.000804185 -0.941628
-0.00164112 -0.540697
-0.00239304 -0.0683887
-0.00293036 0.422157
-0.00312883 0.869455
-0.00289313 1.21136
-0.00218148 1.39429
-0.00102674 1.3827
0.000451733 1.16727
0.00205063 0.769918
0.00350331 0.244174
0.00451912 -0.330074
0.00483782 -0.857613
0.00429088 -1.24354
0.00285722 -1.41121
0.000698644 -1.31918
-0.00183878 -0.973346
-0.00426659 -0.430914
-0.00603948 0.206215
-0.00667379 0.808748
-0.0058762 1.24576
-0.00365139 1.41417
-0.000354945 1.26526
0.00333566 0.821439
0.00654247 0.177278
0.00838741 -0.51743
0.00823151 -1.09091
0.00589173 -1.39218
0.00176652 -1.33295
-0.00318695 -0.916839
-0.00764701 -0.245874
-0.0102674 0.500561
-0.0100844 1.11155
-0.00687195 1.40449
-0.00132091 1.28227
0.00505299 0.762423
0.0102897 0.0485442
-0.0539255 0
-0.00514032 0
0 0
0 0
0 0
0 0
0 0
0 0
0 0
0 0
0 0
0 0
0 0
0 0
0 0
0 0
0 0
0 0
0 0
0 0
0 0
0 0
0 0
0 0
0 0
0 0
0 0
0 0
0 0
0 0
0 0
0 0
0 0
0 0
0 0
0 0
0 0
0 0
0 0
0 0
0 0
0 0
0 0
0 0
0 0
0 0
0 0
0 0
0 0
0 0
0 0
0 0
0 0
0 0
0 0
0 0
0 0
0 0
0 0
0 0
0 0
0 0
0 -0.0345391
0 0.211675
-0.326181 -0.027556
0.297969 -0.908399
-0.442778 0.3332
1.46441 0.00580558
0.54732 -0.273564
1.20087 0.681156
-0.159903 -1.06459
0.0354015 0.0686548
-0.168757 0.887036
-0.0142665 -0.809867
0.521026 0.0727942
-1.20391 -0.171657
-0.224515 0.141925
-0.259848 0.087364
-1.15772 -0.240198
0.762611 -0.640015
-0.37471 0.797966
-0.0149054 0.053487
0.284235 -0.774214
-0.621923 0.220057
1.59142 -0.0907437
1.29508 0.137653
0.789078 -0.131292
-0.876772 0.818789
0.416416 -0.804979
0.0122881 -0.527066
-0.146738 1.03873
0.111539 -0.377604
-1.31556 0.0742596
-0.565202 0.18878
-1.21983 -0.490285
0.697782 -0.109405
-0.00849953 0
0.0115848 0
0 0
0 0
0 0
0 0
0 0
0 0
0 0
0 0
0 0
0 0
0 0
0 0
0 0
0 0
0 0
0 0
0 0
0 0
0 0
0 0
0 0
0 0
0 0
0 0
0 0
0 0
0 0
0 0
0 0
0 0
