-2.36637e-14
3.39035e-16
-1.13302e-14
-2.2269e-14
-1.09298e-15
-9.1093e-15
-1.85845e-14
-8.9124e-15
-1.0779e-15
2.23667e-14
5.50347e-15
2.93056e-14
3.87289e-14
-2.45909e-15
2.72263e-15
1.44269e-14
3.26753e-14
2.01324e-14
2.07181e-14
7.82782e-15
-3.34355e-15
3.55946e-15
1.16905e-14
-4.55424e-15
-7.47382e-15
-2.69961e-14
-1.22024e-14
-4.0391e-14
-3.54112e-14
-3.14138e-14
-5.8609e-16
7.47148e-15
3.99427e-15
-9.2995e-15
-4.85344e-15
1.95795e-15
1.60848e-14
1.44293e-14
6.62813e-15
1.94089e-14
3.40955e-14
4.32091e-14
2.45559e-14
1.6897e-14
2.3307e-14
2.15613e-14
9.56474e-15
1.13673e-14
5.49738e-15
-4.17131e-16
7.43744e-15
-1.38911e-14
-1.38133e-14
-1.38563e-14
-1.27176e-15
4.58282e-15
-2.6382e-14
-4.55525e-14
-2.71107e-14
1.64165e-14
5.43829e-15
-2.01494e-14
-1.10883e-14
5.21916e-14
1.1423e-14
-3.38801e-14
-2.20897e-14
3.21824e-14
-2.47775e-15
-2.08592e-14
-1.09493e-14
2.45926e-14
1.78183e-14
-1.73379e-14
-6.4312e-15
1.99883e-16
-1.92239e-14
-1.54905e-14
-1.39025e-14
-2.84747e-14
5.43567e-15
3.55491e-14
2.33781e-14
9.66916e-15
3.75245e-14
3.21227e-14
1.51161e-14
-2.33597e-14
-3.39299e-15
4.01704e-14
2.05935e-14
-2.25867e-14
1.58247e-15
1.28743e-14
3.02462e-14
2.77829e-14
7.93635e-15
-1.00218e-14
3.93184e-16
-1.81363e-15
-3.2496e-14
-1.54056e-14
4.41378e-15
4.30055e-15
3.82534e-15
-8.06809e-15
-1.16152e-14
7.9424e-15
8.4436e-15
-8.13877e-15
-1.35409e-14
-2.69149e-14
-1.81061e-14
2.67782e-14
1.64297e-14
7.07031e-15
3.99844e-14
4.23602e-14
2.10481e-14
1.61287e-14
1.46966e-14
4.0797e-14
3.07261e-14
3.35456e-14
2.75627e-14
2.39184e-14
3.87596e-14
6.38413e-14
7.10712e-14
0.00781242
0.0243465
0.0473267
0.0758144
0.109203
0.147022
0.188858
0.234316
0.282991
0.334456
0.388244
0.443843
0.500688
0.558156
0.615564
0.672169
0.72717
0.779711
0.828887
0.873754
0.913339
0.946655
0.972717
0.990562
0.999268
0.997981
0.985936
0.962488
0.927138
0.879558
0.819625
0.747437
0.663346
0.56797
0.462214
0.347274
0.224644
0.0961087
-0.0362684
-0.170171
-0.303061
-0.432223
-0.554819
-0.66795
-0.768733
-0.854375
-0.922266
-0.970067
-0.995803
-0.997952
-0.97553
-0.928168
-0.856177
-0.760594
-0.643206
-0.506561
-0.35394
-0.189306
-0.0172286
0.15723
0.328655
0.491437
0.639966
0.768834
0.873044
0.948235
0.990884
0.998504
0.96981
0.904851
0.805093
0.673452
0.51426
0.333177
0.137024
-0.0664429
-0.268817
-0.461383
-0.635497
-0.782985
-0.896561
-0.970216
-0.999585
-0.982248
-0.917957
-0.808767
-0.659051
-0.475398
-0.266385
-0.0422229
0.185708
0.405419
0.604941
0.772996
0.899667
0.977031
0.999715
0.965327
0.874744
0.732203
0.545205
0.324194
0.0820415
-0.166657
-0.406436
-0.621924
-0.798847
-0.925016
-0.991235
-0.992042
-0.926239
-0.797148
-0.612568
-0.384401
-0.127969
0.138951
0.397331
0.628239
0.814253
0.940827
0.997505
0.978879
0.885192
0.722533
0.502567
0.241809
-0.0395328
-3.9066e-15
4.48738e-14
-9.32587e-15
-2.14874e-14
1.14119e-14
-3.21965e-15
5.0961e-14
-3.51091e-14
-1.64365e-14
-8.91084e-15
5.07579e-14
8.32054e-14
3.41749e-14
3.77622e-14
8.0811e-16
5.23198e-15
1.11782e-14
5.34799e-15
-3.21954e-14
2.48962e-14
-6.94699e-16
6.41244e-15
-3.13113e-14
1.95469e-14
-6.85102e-16
4.41101e-14
-3.29013e-14
-2.81581e-14
-1.28455e-14
-1.76906e-14
8.70289e-15
3.4317e-15
-2.36054e-14
-1.85997e-14
3.08289e-14
-5.44501e-15
1.68842e-14
2.89448e-15
2.36452e-14
-3.56366e-14
3.80251e-14
1.51053e-14
2.69665e-14
2.92137e-14
1.6966e-14
5.98108e-15
-1.80699e-14
-2.16939e-15
-9.94072e-16
1.00889e-15
-4.20894e-14
-6.83515e-15
1.36961e-14
-3.40168e-15
3.22981e-14
3.74301e-14
-9.06213e-15
-6.31152e-15
-4.38824e-15
-2.3257e-14
-2.42802e-14
-3.06183e-14
-1.841e-14
-3.39624e-14
-5.5014e-15
-6.60487e-15
2.83042e-14
1.24251e-14
-9.57514e-15
1.30622e-14
2.52252e-15
-3.36184e-14
-2.69509e-14
-2.3399e-14
6.08806e-15
2.00666e-14
2.25227e-14
1.85922e-14
1.68138e-14
-8.25612e-15
-1.15653e-15
4.67768e-15
2.2389e-15
-5.71587e-15
-8.56195e-15
-1.18636e-14
-1.17614e-14
-1.10633e-15
1.39755e-14
2.37849e-14
-1.46413e-15
-2.04314e-14
-7.84252e-15
6.74876e-16
-1.71632e-14
-2.10736e-14
-2.08005e-14
1.48617e-15
-4.5594e-15
-8.02514e-15
3.49528e-15
2.47977e-14
2.17886e-14
4.97572e-15
1.01626e-14
3.01009e-14
2.28002e-14
8.2551e-15
-8.2035e-15
-1.68613e-14
-8.67117e-15
-1.38718e-14
7.5925e-15
-6.28122e-16
6.5815e-15
1.23866e-14
7.98298e-15
-1.71399e-14
-1.51944e-14
-3.40526e-15
-1.63485e-14
-9.14893e-15
-1.09496e-14
3.19189e-16
-6.48613e-15
-2.75474e-14
-1.9082e-14
-1.71807e-14
0.410148
0.0143201
-0.68475
-0.951422
0.231154
0.869916
-0.91725
0.563961
-0.39067
0.538209
-0.891509
0.909691
0.122212
-0.983105
-0.575788
0.158511
0.533512
0.561752
0.256908
-0.433091
-0.999056
-0.161813
0.995833
-0.658418
0.148913
0.0449872
0.135499
-0.638725
0.998456
-0.203024
-0.99625
-0.398265
0.28198
0.566025
0.511754
0.0917714
-0.670514
-0.931243
0.383656
0.698284
-0.999889
0.927376
-0.922313
0.999702
-0.742363
-0.304004
0.963495
0.582023
-0.209207
-0.607984
-0.649145
-0.360685
0.351752
0.995832
0.149401
-0.983092
0.790478
-0.445857
0.396
-0.67962
0.996146
-0.50266
-0.842586
0.211799
-2.73219e-15
-1.3245e-14
-1.79422e-14
-3.22095e-15
-1.22263e-14
-1.09426e-14
-1.37659e-14
-1.27936e-14
1.14431e-14
1.51524e-14
6.69712e-16
5.72025e-15
4.10075e-15
2.0136e-15
-2.57346e-15
-6.3398e-15
-7.95767e-15
4.71687e-15
-1.51185e-14
-3.11373e-15
6.54422e-15
1.52962e-15
-1.01591e-15
2.25589e-14
1.4572e-14
9.45763e-15
5.13488e-15
2.12474e-15
3.86543e-15
7.95241e-16
-1.55702e-14
1.56125e-14
2.39742e-14
2.33208e-15
4.13535e-15
-4.43881e-15
-6.29909e-15
6.53251e-15
-1.03846e-14
-2.67309e-14
-1.70938e-14
-1.97651e-14
-7.09756e-15
-2.03854e-14
-7.40068e-15
-4.67884e-15
3.27236e-15
-1.96502e-15
-1.47551e-14
-7.06213e-15
2.86479e-15
-7.36874e-15
-3.16329e-15
1.35906e-14
1.55556e-14
1.67663e-14
8.14009e-15
2.0183e-14
-5.53492e-15
-2.62972e-14
-2.36411e-14
1.36774e-14
6.2762e-15
-1.57258e-14
