-2.1638e-14
2.80765e-15
-7.56254e-15
-1.47424e-14
-5.14265e-15
-8.52695e-15
-1.08899e-14
1.11744e-14
5.70619e-15
-2.57367e-16
-1.62908e-14
1.49306e-14
2.05003e-14
-9.51275e-15
2.16911e-16
2.42248e-14
3.73597e-14
1.1129e-14
2.0196e-14
1.02424e-14
3.01083e-15
-4.28678e-15
7.11447e-15
-7.69573e-15
-9.02947e-15
-2.19261e-14
-4.18497e-15
-2.99258e-14
-2.4325e-14
-1.98168e-14
3.65529e-15
-1.02961e-15
8.21771e-16
-4.37602e-15
-4.6148e-15
5.03148e-15
1.53844e-14
9.86485e-15
6.85139e-15
2.44476e-14
3.42343e-14
3.45504e-14
1.93385e-14
1.53478e-14
1.19569e-14
9.64283e-15
2.59076e-15
9.49004e-15
4.23375e-15
-1.21851e-14
7.21363e-15
-3.32075e-15
-2.22257e-15
-9.0427e-15
-7.53657e-15
-3.45222e-15
-2.71862e-14
-2.70428e-14
-2.29221e-14
-5.28346e-15
1.08142e-15
-7.72872e-16
-7.8188e-15
2.25506e-14
4.6455e-15
-6.07898e-15
-1.35667e-14
1.559e-14
-7.97941e-15
-1.6751e-15
-1.04217e-14
-4.65599e-15
1.566e-15
-1.09222e-14
4.87484e-15
1.40381e-14
1.00421e-15
8.17805e-15
1.31569e-15
-1.79863e-14
1.82225e-15
1.20982e-14
9.00159e-17
-1.0757e-14
1.60137e-14
1.14555e-14
1.2646e-14
-6.64833e-15
6.92794e-15
3.45157e-14
2.19936e-14
-6.44396e-15
1.1585e-14
1.33335e-14
2.53006e-14
1.19541e-14
-9.75526e-08
-2.36614e-07
-3.71468e-07
-5.34315e-07
-6.73504e-07
-8.15298e-07
-9.87055e-07
-1.17028e-06
-1.75243e-05
-4.07675e-05
-6.33256e-05
-9.05328e-05
-0.000113838
-0.00013759
-0.000166317
-0.000196956
9.98698e-05
0.000534608
0.000953208
0.00146424
0.00189257
0.0023273
0.00286116
0.00343144
0.00172076
-0.000932917
-0.00344975
-0.00659178
-0.00911649
-0.011657
-0.0148703
-0.0183118
-0.00247115
0.0213958
0.0441897
0.0723301
0.0953766
0.118648
0.147664
0.178691
0.222378
0.273001
0.325205
0.382674
0.440697
0.50159
0.567921
0.637969
0.68463
0.723657
0.767584
0.807543
0.85831
0.912337
0.961827
1.01206
1.01471
0.996981
0.982036
0.953687
0.936207
0.917366
0.884202
0.845458
0.768425
0.670968
0.56927
0.452143
0.334732
0.209519
0.0683135
-0.0833832
-0.190571
-0.285429
-0.393194
-0.495959
-0.624213
-0.762335
-0.894287
-1.03094
-1.03823
-0.99203
-0.956221
-0.88607
-0.849848
-0.813069
-0.739359
-0.653267
-0.532875
-0.388175
-0.231843
-0.0555382
0.135236
0.342759
0.570425
0.816042
0.866586
0.844673
0.849912
0.812095
0.844551
0.889606
0.887276
0.878128
0.752238
0.568463
0.382287
0.155603
-0.0634746
-0.298552
-0.57591
-0.877951
-0.910839
-0.845247
-0.817146
-0.730348
-0.744798
-0.778793
-0.747958
-0.709419
-0.565259
-0.365683
-0.16217
0.0801709
0.323697
0.58634
0.889156
1.21815
1.16573
0.967535
0.813205
0.568841
0.45372
0.356045
0.159946
-0.0561721
-0.161372
-0.23918
-0.343275
-0.433974
-0.600089
-0.794798
-0.972597
-1.16459
-1.01563
-0.726454
-0.466536
-0.117258
0.141083
0.399509
0.754127
1.14008
1.10195
0.908231
0.766006
0.527877
0.451092
0.403468
0.25002
0.0822938
0.0662999
0.0969712
0.105479
0.142492
0.0973616
0.0282904
-0.00790847
-0.0500372
-0.0552516
-0.0440571
-0.0403314
-0.0281854
-0.0206586
-0.0119422
0.00563043
0.0270397
0.0230963
0.0111012
0.00424111
-0.00689179
-0.00559569
-0.000469643
-0.000261747
0.000964355
0.00070394
-0.000232621
-9.01576e-05
3.71708e-05
9.74871e-15
-4.7011e-15
1.80168e-14
1.32012e-14
-2.15383e-14
-2.61666e-14
1.83673e-14
-2.35229e-15
1.29081e-14
-1.55431e-15
2.59215e-14
-1.7264e-14
4.46882e-14
1.19392e-14
1.68893e-14
1.93227e-15
-8.41612e-16
1.31986e-14
-2.76323e-14
-2.06317e-14
-1.21561e-15
2.09683e-14
-2.13359e-14
-5.75717e-15
1.8824e-14
-5.63453e-15
2.65758e-14
2.59482e-14
-1.97795e-14
-5.84407e-15
-5.27844e-15
-9.96648e-15
-1.3476e-14
-2.1573e-14
-2.09551e-15
-2.11107e-14
3.17349e-15
-1.84805e-14
1.48386e-14
3.09495e-15
-2.65606e-14
-8.93931e-16
4.25712e-16
-6.0924e-15
-9.44337e-15
-2.38749e-14
4.78472e-15
5.93382e-15
2.48337e-15
-1.45033e-14
6.96855e-15
1.92976e-14
1.21993e-14
5.59223e-15
1.09094e-15
-9.21978e-16
-6.19947e-16
-9.2438e-15
-9.03216e-15
-8.68706e-15
4.37465e-15
1.18238e-14
-5.94826e-15
-1.59151e-14
-1.2001e-15
1.77332e-14
-1.17627e-14
-2.12343e-14
1.34977e-05
3.27387e-05
5.13977e-05
7.39297e-05
9.31884e-05
0.000112808
0.000136572
0.000161924
0.000643407
0.00132016
0.00197891
0.00276982
0.00345285
0.00415001
0.00498846
0.00588224
0.00497718
0.0033476
0.00185397
-0.000111806
-0.00154669
-0.00296253
-0.00488894
-0.00696746
-0.00869761
-0.0104049
-0.0122887
-0.0142
-0.0164928
-0.0189797
-0.0214799
-0.0241171
-0.031671
-0.0413825
-0.0510239
-0.0621673
-0.0722512
-0.0825808
-0.0945102
-0.107123
-0.099293
-0.0832537
-0.0688163
-0.049049
-0.0353651
-0.0219417
-0.00275132
0.0181267
0.0144734
0.00178351
-0.00805584
-0.0235146
-0.0296972
-0.0342643
-0.0450258
-0.0566836
-0.0563634
-0.0520227
-0.0491755
-0.0438113
-0.0440633
-0.0456836
-0.0444682
-0.043282
-0.0438374
-0.0448471
-0.0457896
-0.0471008
-0.0471622
-0.0468574
-0.0469876
-0.0469991
-0.0397057
-0.0292945
-0.0190787
-0.0067115
0.00386479
0.0146666
0.027771
0.0417713
0.0410824
0.0348068
0.0301101
0.0219119
0.0188134
0.016411
0.0101766
0.00317791
-0.00520886
-0.0149502
-0.0254533
-0.0370622
-0.0502093
-0.0646097
-0.0800946
-0.0967911
-0.0896846
-0.0731325
-0.0588697
-0.0386341
-0.0256381
-0.013166
0.00578278
0.0264753
0.025997
0.0180136
0.0127994
0.00300486
0.00193826
0.00273217
-0.00156978
-0.00624393
-0.00540316
-0.00292982
-0.00112006
0.00175636
0.00140846
0.000118212
6.58831e-05
-0.000242733
-0.000177185
5.85519e-05
2.26931e-05
-9.35607e-06
2.06964e-14
2.25802e-14
-4.09308e-15
4.84335e-15
1.45699e-14
1.68628e-14
9.43473e-15
-6.74807e-16
-5.33926e-15
-5.40301e-15
-1.6262e-14
-2.65708e-14
-1.46571e-14
-1.57891e-14
-5.43668e-15
-1.27971e-14
-1.88134e-14
-1.8922e-14
-2.31365e-15
-4.02076e-15
-8.81998e-15
-9.22107e-15
2.8986e-15
-5.69239e-15
-2.31437e-16
1.0422e-14
1.01626e-14
3.84778e-15
-3.74924e-16
2.05332e-14
8.24088e-15
-5.94022e-15
-8.3305e-15
1.42197e-14
-8.47376e-16
-1.6004e-14
