-2.36637e-14
3.39035e-16
-1.13302e-14
-2.2269e-14
-1.09298e-15
-9.1093e-15
-1.85845e-14
-8.9124e-15
-1.0779e-15
2.23667e-14
5.50347e-15
2.93056e-14
3.87289e-14
-2.45909e-15
2.72263e-15
1.44269e-14
3.26753e-14
2.01324e-14
2.07181e-14
7.82782e-15
-3.34355e-15
3.55946e-15
1.16905e-14
-4.55424e-15
-7.47382e-15
-2.69961e-14
-1.22024e-14
-4.0391e-14
-3.54112e-14
-3.14138e-14
-5.8609e-16
7.47148e-15
3.99427e-15
-9.2995e-15
-4.85344e-15
1.95795e-15
1.60848e-14
1.44293e-14
6.62813e-15
1.94089e-14
3.40955e-14
4.32091e-14
2.45559e-14
1.6897e-14
2.3307e-14
2.15613e-14
9.56474e-15
1.13673e-14
5.49738e-15
-4.17131e-16
7.43744e-15
-1.38911e-14
-1.38133e-14
-1.38563e-14
-1.27176e-15
4.58282e-15
-2.6382e-14
-4.55525e-14
-2.71107e-14
1.64165e-14
5.43829e-15
-2.01494e-14
-1.10883e-14
5.21916e-14
1.1423e-14
-3.38801e-14
-2.20897e-14
3.21824e-14
-2.47775e-15
-2.08592e-14
-1.09493e-14
2.45926e-14
1.78183e-14
-1.73379e-14
-6.4312e-15
1.99883e-16
-1.92239e-14
-1.54905e-14
-1.39025e-14
-2.84747e-14
5.43567e-15
3.55491e-14
2.33781e-14
9.66916e-15
3.75245e-14
3.21227e-14
1.51161e-14
-2.33597e-14
-3.39299e-15
4.01704e-14
2.05935e-14
-2.25867e-14
1.58247e-15
1.28743e-14
3.02462e-14
2.77829e-14
7.93635e-15
-1.00218e-14
3.93184e-16
-1.81363e-15
-3.2496e-14
-1.54056e-14
4.41378e-15
4.30055e-15
3.82534e-15
-8.06809e-15
-1.16152e-14
7.9424e-15
8.4436e-15
-8.13877e-15
-1.35409e-14
-2.69149e-14
-1.81061e-14
2.67782e-14
1.64297e-14
7.07031e-15
3.99844e-14
4.23602e-14
2.10481e-14
1.61287e-14
1.46966e-14
4.0797e-14
3.07261e-14
3.35456e-14
9.15518e-05
0.000222059
-0.000361738
-0.00122152
0.00212241
0.00705005
0.0241515
0.0476201
0.0754678
0.109451
0.146842
0.189022
0.234158
0.283156
0.334281
0.388435
0.443633
0.50092
0.557901
0.615842
0.671868
0.727495
0.779367
0.829251
0.873377
0.913725
0.946266
0.973103
0.990188
0.999623
0.997656
0.986221
0.962254
0.92731
0.879458
0.819642
0.747512
0.663169
0.568254
0.461814
0.347787
0.224011
0.0968512
-0.0371203
-0.169226
-0.304089
-0.431135
-0.555949
-0.666809
-0.769859
-0.853299
-0.923257
-0.969195
-0.996517
-0.997426
-0.975828
-0.928116
-0.855949
-0.761105
-0.642388
-0.507666
-0.352543
-0.190951
-0.0153523
0.155187
0.330821
0.489226
0.642151
0.766758
0.874922
0.946629
0.99212
0.997687
0.970119
0.905062
0.804299
0.674792
0.512353
0.335564
0.134193
-0.0632985
-0.272178
-0.457958
-0.638835
-0.779884
-0.899243
-0.968069
-1.00101
-0.981586
-0.917708
-0.809887
-0.656993
-0.47826
-0.262758
-0.0464021
0.190284
0.400698
0.609551
0.768735
0.90327
0.97425
1.00138
0.964821
0.873887
0.734307
0.541803
0.328631
0.0767112
-0.160793
-0.412508
-0.616016
-0.804143
-0.920613
-0.99428
-0.990456
-0.926014
-0.799049
-0.608868
-0.38954
-0.121565
0.131786
0.404797
0.620983
0.820655
0.935638
1.00083
0.977493
0.884187
0.723322
0.491547
0.257212
-0.018596
-0.042818
0.0203033
-0.00414768
0.00171003
1.14119e-14
-3.21965e-15
5.0961e-14
-3.51091e-14
-1.64365e-14
-8.91084e-15
5.07579e-14
8.32054e-14
3.41749e-14
3.77622e-14
8.0811e-16
5.23198e-15
1.11782e-14
5.34799e-15
-3.21954e-14
2.48962e-14
-6.94699e-16
6.41244e-15
-3.13113e-14
1.95469e-14
-6.85102e-16
4.41101e-14
-3.29013e-14
-2.81581e-14
-1.28455e-14
-1.76906e-14
8.70289e-15
3.4317e-15
-2.36054e-14
-1.85997e-14
3.08289e-14
-5.44501e-15
1.68842e-14
2.89448e-15
2.36452e-14
-3.56366e-14
3.80251e-14
1.51053e-14
2.69665e-14
2.92137e-14
1.6966e-14
5.98108e-15
-1.80699e-14
-2.16939e-15
-9.94072e-16
1.00889e-15
-4.20894e-14
-6.83515e-15
1.36961e-14
-3.40168e-15
3.22981e-14
3.74301e-14
-9.06213e-15
-6.31152e-15
-4.38824e-15
-2.3257e-14
-2.42802e-14
-3.06183e-14
-1.841e-14
-3.39624e-14
-5.5014e-15
-6.60487e-15
2.83042e-14
1.24251e-14
-9.57514e-15
1.30622e-14
2.52252e-15
-3.36184e-14
-2.69509e-14
-2.3399e-14
6.08806e-15
2.00666e-14
2.25227e-14
1.85922e-14
1.68138e-14
-8.25612e-15
-1.15653e-15
4.67768e-15
2.2389e-15
-5.71587e-15
-8.56195e-15
-1.18636e-14
-1.17614e-14
-1.10633e-15
1.39755e-14
2.37849e-14
-1.46413e-15
-2.04314e-14
-7.84252e-15
6.74876e-16
-1.71632e-14
-2.10736e-14
-2.08005e-14
1.48617e-15
-4.5594e-15
-8.02514e-15
3.49528e-15
2.47977e-14
2.17886e-14
4.97572e-15
1.01626e-14
3.01009e-14
2.28002e-14
8.2551e-15
-8.2035e-15
-1.68613e-14
-8.67117e-15
-1.38718e-14
7.5925e-15
-6.28122e-16
6.5815e-15
1.23866e-14
7.98298e-15
-1.71399e-14
-1.51944e-14
-3.40526e-15
-1.63485e-14
-9.14893e-15
-1.09496e-14
3.19189e-16
-0.0114901
-0.0278693
0.0545344
0.175462
0.0911287
-0.0520299
-0.332956
-0.721802
-0.304552
0.390529
0.232777
-0.0723007
-0.116806
-0.209783
0.100298
0.586757
-0.0175364
-0.96061
-0.524941
0.223123
0.417624
0.668971
0.132643
-0.770816
-0.424013
0.199325
0.0455674
-0.176865
-0.0379463
0.140258
0.108998
0.045285
-0.0518562
-0.200609
-0.33084
-0.480916
-0.00834578
0.72182
0.439444
-0.0871214
-0.30114
-0.603819
-0.287407
0.283974
0.137162
-0.130203
-0.0147399
0.131074
0.0273797
-0.12772
0.200248
0.683249
0.119968
-0.764702
-0.61549
-0.287761
0.171949
0.88095
0.397106
-0.463493
-0.237698
0.147491
0.129215
0.128998
-0.0826326
-0.418478
-0.277996
-0.015434
-0.00842228
-0.00250006
0.0093477
-0.00385393
-1.22263e-14
-1.09426e-14
-1.37659e-14
-1.27936e-14
1.14431e-14
1.51524e-14
6.69712e-16
5.72025e-15
4.10075e-15
2.0136e-15
-2.57346e-15
-6.3398e-15
-7.95767e-15
4.71687e-15
-1.51185e-14
-3.11373e-15
6.54422e-15
1.52962e-15
-1.01591e-15
2.25589e-14
1.4572e-14
9.45763e-15
5.13488e-15
2.12474e-15
3.86543e-15
7.95241e-16
-1.55702e-14
1.56125e-14
2.39742e-14
2.33208e-15
4.13535e-15
-4.43881e-15
-6.29909e-15
6.53251e-15
-1.03846e-14
-2.67309e-14
-1.70938e-14
-1.97651e-14
-7.09756e-15
-2.03854e-14
-7.40068e-15
-4.67884e-15
3.27236e-15
-1.96502e-15
-1.47551e-14
-7.06213e-15
2.86479e-15
-7.36874e-15
-3.16329e-15
1.35906e-14
1.55556e-14
1.67663e-14
8.14009e-15
2.0183e-14
-5.53492e-15
-2.62972e-14
-2.36411e-14
1.36774e-14
6.2762e-15
-1.57258e-14
