-1.62072e-14
-5.22133e-17
-7.60391e-15
-1.85842e-14
-9.41795e-15
-1.52854e-14
-1.98489e-14
-2.06371e-15
-2.25073e-15
4.22889e-15
-3.27972e-15
4.07614e-14
4.52875e-14
-3.6962e-15
1.55203e-15
1.54707e-14
2.59909e-14
9.14207e-15
1.97276e-14
1.32544e-14
6.81656e-15
-1.28403e-15
9.40656e-15
-6.48311e-15
-7.53699e-15
-2.13887e-14
-7.4387e-15
-3.89593e-14
-3.61973e-14
-2.65438e-14
1.25477e-15
2.62583e-15
2.19878e-15
-3.73304e-15
-5.4768e-15
2.01524e-15
1.51228e-14
8.5198e-15
6.10368e-15
2.44746e-14
3.41146e-14
3.52114e-14
2.26923e-14
2.23236e-14
2.24925e-14
1.56412e-14
7.50487e-15
1.55663e-14
9.20375e-15
-7.11254e-15
6.80357e-15
-8.25504e-15
-1.2096e-14
-1.79096e-14
-8.66425e-15
-3.24831e-15
-2.41874e-14
-2.47471e-14
-2.2909e-14
-6.67022e-15
2.79911e-15
5.69204e-15
-2.78755e-15
3.0084e-14
5.68716e-15
-9.48036e-15
-1.82191e-14
5.77785e-15
-9.34962e-15
1.28606e-15
-3.00687e-15
1.27081e-14
1.37827e-14
-9.98782e-15
-4.62461e-15
-7.74317e-15
-2.34187e-14
-1.15942e-14
-7.71009e-15
-2.09421e-14
5.15904e-15
2.39605e-14
1.68616e-14
1.47904e-14
3.9195e-14
2.84082e-14
1.80612e-14
-1.324e-14
-2.81005e-15
2.45288e-14
1.44736e-14
-1.46222e-14
7.9679e-15
1.61461e-14
3.07444e-14
2.50883e-14
7.49858e-15
-6.55467e-15
3.47162e-15
4.16962e-16
-3.39895e-14
-2.24888e-14
5.64562e-16
7.3596e-15
4.1583e-15
-1.196e-14
-1.11988e-14
1.58549e-14
1.01664e-14
-1.62031e-14
-1.37025e-14
-1.6806e-14
-1.84565e-14
1.08593e-14
1.06064e-14
1.83297e-14
-8.32449e-06
-2.0191e-05
-3.16986e-05
-4.55949e-05
0.000154332
0.000444158
0.000722295
0.00106023
-0.000102481
-0.00187693
-0.00352486
-0.00556454
0.00314076
0.0162478
0.0284871
0.0435577
0.072433
0.108417
0.14673
0.190827
0.23463
0.281265
0.333919
0.390429
0.443977
0.498709
0.557609
0.618524
0.672277
0.724369
0.778888
0.832903
0.874049
0.90974
0.945483
0.97733
0.991158
0.995499
0.996584
0.989929
0.963396
0.924432
0.878288
0.821159
0.7485
0.663324
0.56739
0.459367
0.348128
0.228716
0.0968449
-0.0444984
-0.170041
-0.294619
-0.429782
-0.567324
-0.669023
-0.757705
-0.85048
-0.935101
-0.972451
-0.986299
-0.993778
-0.982528
-0.931278
-0.853557
-0.758122
-0.638511
-0.509042
-0.362175
-0.190564
0.000772506
0.157068
0.310317
0.485693
0.665346
0.772033
0.85202
0.939756
1.01055
1.00434
0.958239
0.897985
0.804863
0.679021
0.522354
0.332962
0.111737
-0.0650686
-0.241356
-0.452772
-0.674189
-0.788105
-0.864686
-0.956534
-1.026
-0.991875
-0.904803
-0.799148
-0.649806
-0.48312
-0.286614
-0.0454833
0.230445
0.406522
0.561144
0.756448
0.948435
0.988173
0.965882
0.947045
0.884489
0.745613
0.554141
0.320731
0.0367474
-0.163167
-0.355451
-0.604045
-0.86412
-0.93698
-0.941523
-0.966471
-0.948263
-0.815415
-0.615724
-0.376464
-0.0769053
0.13282
0.336768
0.607323
0.894
0.953526
0.931008
0.935502
0.888989
0.744446
0.53715
0.281494
-0.0345251
-0.0598789
0.00503668
-0.00545153
0.025056
0.00537226
-0.024441
-0.010252
0.0125984
0.00688093
-0.00227384
-0.00088128
0.00036334
3.54022e-14
4.7462e-14
2.93342e-15
-3.77823e-15
1.3517e-14
1.67921e-14
-3.14497e-14
6.69517e-15
-1.10432e-14
1.9247e-14
-2.93059e-14
7.67799e-15
-5.98274e-15
4.35878e-14
-2.72493e-14
-2.92825e-14
-9.39253e-15
-1.6986e-14
1.2028e-14
1.21934e-14
-2.23852e-14
-2.72914e-14
2.64608e-14
7.54716e-15
2.14484e-14
-2.00792e-15
1.99597e-14
-3.47537e-14
3.68383e-14
1.74355e-14
2.61463e-14
1.88225e-14
1.35127e-14
1.78314e-14
-1.95367e-14
-1.83614e-14
5.486e-16
1.99156e-14
-3.12989e-14
-1.38724e-14
7.11621e-15
-4.8681e-15
3.03984e-14
3.46923e-14
-1.32966e-14
-1.10922e-14
-7.54805e-15
-2.20763e-14
-2.2484e-14
-3.11875e-14
-1.58034e-14
-3.11786e-14
-5.62162e-15
-1.38796e-14
2.8231e-14
2.57767e-14
-9.78736e-15
-2.27464e-15
-7.73812e-15
-3.0327e-14
-2.29531e-14
-2.04598e-14
1.35237e-14
3.10685e-14
2.05277e-14
-1.91256e-15
1.03941e-14
1.18308e-14
6.41431e-15
-5.18607e-15
-2.16566e-15
-2.06575e-15
-5.76828e-16
-6.72912e-15
-6.71764e-15
-1.25534e-15
6.82998e-15
1.36912e-14
-1.15645e-14
-2.86515e-14
-1.02894e-14
9.38533e-15
-9.87241e-15
-1.53739e-14
-1.68897e-14
1.14221e-16
-1.15908e-16
4.06959e-15
5.16208e-15
1.05477e-14
2.01175e-14
2.47156e-14
1.46996e-14
7.19889e-15
1.02214e-14
1.2935e-14
-3.40743e-15
-1.08975e-14
-2.53096e-15
-8.97633e-15
1.05072e-14
9.6147e-16
7.21645e-16
-3.7261e-15
0.00115181
0.0027937
0.00438594
0.00630867
-0.00304307
-0.0170424
-0.030214
-0.0464051
-0.011408
0.0440421
0.094166
0.157028
0.0693004
-0.077098
-0.203859
-0.365705
-0.302805
-0.158639
-0.0603249
0.0803601
0.0556713
-0.0243834
-0.0538111
-0.105154
-0.0604174
0.0202915
0.0745746
0.144645
0.0863823
-0.0218853
-0.108488
-0.222894
-0.191157
-0.107972
-0.059697
0.0133078
0.0170692
-0.000740181
0.00975835
0.0148613
-0.00358966
-0.0315937
-0.0639426
-0.105111
-0.0928012
-0.0623296
-0.0433281
-0.0150333
-0.0213199
-0.0391804
-0.0460211
-0.0572583
-0.0495419
-0.0346543
-0.0250475
-0.0123202
0.0156509
0.0510112
0.0889027
0.132948
0.0916668
0.0172313
-0.0471349
-0.131788
-0.100606
-0.0285756
0.0175393
0.0840348
0.0660519
0.0189301
-0.00365792
-0.0384071
-0.0597324
-0.078447
-0.110134
-0.144696
-0.118165
-0.0683589
-0.0242662
0.0347713
0.0318392
0.00893768
0.00413306
-0.00889125
-0.00590746
0.00195216
0.000756602
-0.000311937
6.78819e-15
1.12323e-16
-1.32091e-14
-1.12714e-14
-9.46639e-15
-7.25982e-16
-8.5678e-15
-1.51268e-15
1.14683e-14
1.10322e-14
-9.9729e-16
2.54552e-15
1.09923e-14
2.10873e-14
2.35083e-15
-1.20123e-14
7.09805e-15
2.01721e-14
-1.54449e-15
1.50553e-14
2.11874e-14
1.48767e-14
7.33841e-15
-8.94439e-15
-8.9703e-15
-5.24931e-15
-1.54633e-14
-2.20669e-14
-1.35546e-14
-1.52953e-14
-5.32379e-15
-1.47524e-14
-1.98646e-14
-1.77548e-14
1.45779e-15
4.69119e-15
-2.24362e-15
-7.31455e-15
3.54148e-17
-1.21618e-14
-2.40353e-15
1.39343e-14
1.86141e-14
1.9907e-14
1.03049e-14
2.08296e-14
-7.44793e-16
-2.517e-14
-2.61936e-14
1.05888e-14
-3.59907e-15
-1.09019e-14
