-0.00562148 -0.000151089
-0.00558139 0.000118564
-0.00508594 -8.49145e-05
-0.00494467 5.00574e-05
-0.00461833 -1.39945e-05
-0.00435925 -2.32261e-05
-0.00420531 6.15336e-05
-0.00381422 -0.000100848
-0.00383646 0.000141087
-0.00330164 -0.000182171
-0.00350361 0.00022402
-0.00281547 -0.00026656
-0.00320021 0.000309714
-0.00235103 -0.000353402
-0.00292089 0.000397541
-0.00190476 -0.00044203
-0.00266108 0.000486755
-0.00147403 -0.000531569
-0.00241656 0.000576284
-0.0010574 -0.000620654
-0.00218303 0.000664342
-0.000655058 -0.000706885
-0.0019553 0.000747631
-0.000270144 -0.000785639
-0.00172581 0.000819528
8.7867e-05 -0.000847212
-0.00148086 0.00086544
0.000393511 -0.000869006
-0.00119098 0.000849373
0.000574755 -0.000793023
-0.000803309 0.000686889
0.000580457 -0.000640329
-0.00390865 0.00529111
0.00548935 0.147137
-0.00258331 0.472144
0.00415093 0.884543
-0.00187067 1.34734
0.00423137 1.74455
-0.00156455 1.98411
0.00462668 1.92193
-0.0013902 1.49801
0.00517176 0.691296
-0.00128694 -0.336954
0.00583268 -1.33945
-0.00123988 -1.93641
0.00661368 -1.86026
-0.00125125 -1.00897
0.00754059 0.310049
-0.00133512 1.54237
0.00866221 1.99197
-0.00151996 1.35232
0.0100627 -0.13875
-0.00185839 -1.55959
0.0118918 -1.9715
-0.00245136 -0.943046
0.014439 0.802167
-0.00351161 1.9639
0.0183402 1.45306
-0.00556202 -0.319912
0.025301 -1.86637
-0.0102552 -1.57345
0.0417932 0.249325
-0.0259777 1.92602
0.123175 1.35567
-0.0475791 -0.0199699
-0.0436114 0.0280049
0.0146303 -0.0212784
-0.0194428 0.0165799
0.0127353 -0.013431
-0.0104503 0.0112221
0.0114817 -0.00960081
-0.00557785 0.00836567
0.0109717 -0.00739661
-0.00232769 0.00661859
0.0109493 -0.00598284
0.000166711 0.00545666
0.011296 -0.00501767
0.0022948 0.00465045
0.0119812 -0.00434454
0.00427166 0.00409325
0.0130364 -0.00389306
0.00624345 0.00374337
0.0145597 -0.00364669
0.00833445 0.00360914
0.016748 -0.00364164
0.0106758 0.00376189
0.0199848 -0.00399774
0.0134307 0.0043932
0.0250681 -0.00501916
0.0168218 0.00599369
0.0338911 -0.00752278
0.0211372 0.00998904
0.0520345 -0.0141656
0.0264197 0.0218109
0.103998 -0.0377104
0.0259397 0.0796647
0.750465 -0.087061
0.488245 -0.457839
-0.556612 0.320064
0.489597 -0.48832
1.04048 0.320406
-0.836046 -0.383562
-0.297031 0.143784
0.656351 -0.257102
0.0732194 0.0176043
-1.55275 -0.0274288
0.160417 -0.301011
-0.872446 0.399696
0.430522 -0.25074
1.19822 -0.0150553
-0.431361 0.244938
0.421328 -0.285161
0.257881 -0.145762
-0.0405436 0.0347374
9.07334e-05 -0.0128894
-0.019046 0.00588526
-0.00939312 -0.00305201
-0.0133226 0.00174956
-0.00964307 -0.00109917
-0.0107458 0.000753802
-0.00876166 -0.000560179
-0.00916729 0.000445102
-0.0078108 -0.000371575
-0.00801309 0.000320116
-0.00696597 -0.00028016
-0.0070813 0.000245871
-0.00624166 -0.000213996
-0.00628527 0.00018273
