0.00887519 -0.00534187
-0.0046542 0.00874441
0.0172895 -0.0127769
-0.0128424 0.017736
0.0294222 -0.0241724
-0.0275479 0.0330814
0.0517576 -0.0461923
-0.0596485 0.064513
0.036337 -0.00182672
-0.043993 2.75715
0.222304 2.79085
-0.436842 -3.41643
1.07829 2.03174
-2.08885 -0.993241
3.50422 0.488209
-2.68612 -0.30801
-0.637108 1.18616
0.269129 -0.261222
-0.144655 0.128382
0.0573094 -0.0776844
-0.0732738 0.051121
0.00883866 -0.0337795
-0.0506146 0.0190606
-0.055073 0.00206094
-0.127308 -0.144389
0.0983622 -0.200465
-0.0419417 -0.118777
0.0774368 -0.019071
-0.137978 -0.112462
-0.0115069 0.0013517
0.000446644 -0.000393427
7.78198e-05 0.00247053
