-0.00271211 0.00249844
0.00259478 -0.00271487
-0.00291201 0.00289222
0.00313461 -0.00304759
-0.00299133 0.00319085
0.00364437 -0.00332756
-0.00302229 0.00346029
0.00415147 -0.00358927
-0.00302382 0.0037122
0.00463855 -0.00382356
-0.00297331 0.00391283
0.00501846 -0.00396115
-0.00277628 0.00393527
0.00500377 -0.00377985
-0.00223856 0.00343976
0.0043635 -0.00339209
-0.0169197 0.0244024
0.0260799 0.641633
-0.0130662 1.91849
0.0205537 2.7854
-0.0121139 2.13062
0.0222941 -0.498819
-0.0138229 -2.72468
0.0272409 -1.45414
-0.0178767 2.19912
0.0366046 1.87587
-0.0262189 -2.17937
0.0556231 -1.38929
-0.0457086 2.82308
0.104543 -0.556967
-0.108027 -2.11717
0.334945 2.38886
-0.416479 0.388238
0.0194643 -0.0495565
-0.024585 0.00559073
-0.0204995 0.00692193
0.00104644 -0.0115068
-0.0219067 0.0134457
0.00731119 -0.0144073
-0.0211874 0.0150433
0.0101588 -0.0156644
-0.0216241 0.0164669
0.0124857 -0.0176358
-0.025082 0.0194284
0.0152139 -0.022312
-0.0379711 0.0273323
0.017452 -0.0374852
-0.119312 0.0659813
0.0689958 -0.192119
0.612924 -0.160285
0.52532 -0.0721978
0.333591 -0.130249
0.138541 -0.113645
-0.36752 -0.0581739
-0.39587 0.0412708
0.373877 -0.027482
-0.029051 -0.177088
-0.0414811 0.0232528
0.00286462 -0.00718082
-0.00369657 0.00214211
-0.000829844 3.76307e-05
0.000630721 -0.00115621
-0.00219816 0.00180195
0.00191008 -0.00221272
