0.00408182 -0.00408182
-0.00397064 0.00397064
0.0038628 -0.0038628
-0.0037581 0.0037581
0.00365635 -0.00365635
-0.00355737 0.00355737
0.00346101 -0.00346101
-0.00336712 0.00336712
0.00327555 -0.00327555
-0.00318617 0.00318617
0.00309888 -0.00309888
-0.00301355 0.00301355
0.00293009 -0.00293009
-0.00284839 0.00284839
0.00276837 -0.00276837
-0.00268994 0.00268994
0.00261303 -0.00261303
-0.00253754 0.00253754
0.00246343 -0.00246343
-0.00239061 0.00239061
0.00231902 -0.00231902
-0.00224861 0.00224861
0.00217932 -0.00217932
-0.0021111 0.0021111
0.00204389 -0.00204389
-0.00197765 0.00197765
0.00191233 -0.00191233
-0.00184788 0.00184788
0.00178428 -0.00178428
-0.00172147 0.00172147
0.00165943 -0.00165943
-0.00159811 0.00159811
0.00153748 -0.00153748
-0.00147751 0.00147751
0.00141817 -0.00141817
-0.00135944 0.00135944
0.00130127 -0.00130127
-0.00124366 0.00124366
0.00118657 -0.00118657
-0.00112998 0.00112998
0.00107387 -0.00107387
-0.00101823 0.00101823
0.00096304 -0.00096304
-0.000908284 0.000908284
0.000853954 -0.000853954
-0.000800044 0.000800044
0.000746551 -0.000746551
-0.000693479 0.000693479
0.000640838 -0.000640838
-0.000588647 0.000588647
0.000536938 -0.000536938
-0.000485756 0.000485756
0.000435171 -0.000435171
-0.00038528 0.00038528
0.000336226 -0.000336226
-0.000288214 0.000288214
0.00024155 -0.00024155
-0.000196689 0.000196689
0.000154339 -0.000154339
-0.000115616 0.000115616
8.23214e-05 -8.23214e-05
-5.71985e-05 5.71985e-05
4.23359e-05 -4.23359e-05
-1.01207e-05 1.01207e-05
-0.000977544 0.000977544
0.000880894 0.0335502
-0.0007055 0.107923
0.000657562 0.207262
-0.00065746 0.33203
0.000679247 0.472313
-0.000712717 0.628402
0.000753187 0.788598
-0.000798247 0.951389
0.000846555 1.10183
-0.000897314 1.23657
0.00095003 1.33782
-0.00100439 1.40187
0.00106019 1.4103
-0.00111731 1.36228
0.00117567 1.24271
-0.00123522 1.05827
0.00129595 0.801935
-0.00135786 0.492477
0.00142097 0.134497
-0.00148532 -0.239172
0.00155094 -0.612806
-0.00161791 -0.943007
0.00168629 -1.20995
-0.00175615 -1.37013
0.00182759 -1.41314
-0.00190071 -1.31073
0.00197562 -1.07762
-0.00205246 -0.714333
0.00213136 -0.26985
-0.00221248 0.22457
0.00229601 0.6927
-0.00238215 1.08968
0.00247113 1.33854
-0.0025632 1.41466
0.00265866 1.27699
-0.00275784 0.955162
0.00286112 0.468322
-0.00296894 -0.0909955
0.0030818 -0.655576
-0.0032003 -1.10411
0.00332513 -1.37542
-0.0034571 -1.38565
0.00359719 -1.14737
-0.00374654 -0.668567
0.00390657 -0.0636188
-0.004079 0.577428
0.00426595 1.08892
-0.00447007 1.3862
0.00469474 1.36048
-0.0049443 1.04044
0.00522447 0.453255
-0.00554286 -0.230145
0.00590994 -0.885444
-0.00634045 -1.30183
0.00685579 -1.40982
-0.00748833 -1.11985
0.00828937 -0.551914
-0.00934512 0.205851
0.0108121 0.877652
-0.0130051 1.34353
0.0166559 1.36769
-0.0238859 1.0457
0.0437476 0.298223
0.0477644 -0.0477644
-0.0193382 0.0193382
0.0110355 -0.0110355
-0.00704805 0.00704805
0.00470091 -0.00470091
-0.00314375 0.00314375
0.00202436 -0.00202436
-0.00117142 0.00117142
0.000491895 -0.000491895
6.90428e-05 -6.90428e-05
-0.000545753 0.000545753
0.00096088 -0.00096088
-0.00132997 0.00132997
0.00166408 -0.00166408
-0.00197129 0.00197129
0.00225768 -0.00225768
-0.00252795 0.00252795
0.00278577 -0.00278577
-0.00303412 0.00303412
0.00327545 -0.00327545
-0.00351179 0.00351179
0.0037449 -0.0037449
-0.00397633 0.00397633
0.00420743 -0.00420743
-0.00443948 0.00443948
0.00467364 -0.00467364
-0.00491104 0.00491104
0.00515276 -0.00515276
-0.00539991 0.00539991
0.00565357 -0.00565357
-0.00591488 0.00591488
0.00618505 -0.00618505
-0.00646532 0.00646532
0.00675706 -0.00675706
-0.00706175 0.00706175
0.00738101 -0.00738101
-0.00771665 0.00771665
0.00807068 -0.00807068
-0.00844539 0.00844539
0.00884336 -0.00884336
-0.00926757 0.00926757
0.00972144 -0.00972144
-0.010209 0.010209
0.0107348 -0.0107348
-0.0113046 0.0113046
0.0119248 -0.0119248
-0.0126034 0.0126034
0.0133501 -0.0133501
-0.0141768 0.0141768
0.0150982 -0.0150982
-0.016133 0.016133
0.017305 -0.017305
-0.0186452 0.0186452
0.0201949 -0.0201949
-0.0220096 0.0220096
0.0241668 -0.0241668
-0.0267773 0.0267773
0.0300052 -0.0300052
-0.0341042 0.0341042
0.0394871 -0.0394871
-0.0468726 0.0468726
0.057625 -0.057625
-0.0746736 0.0746736
0.105618 -0.105618
0.110939 0.469097
0.00226302 -0.970646
0.3054 0.0215007
-1.45564 0.158451
-0.385227 -0.167265
-1.41916 0.158377
0.171931 0.000902693
0.161763 -0.97605
-0.207788 0.962289
0.286033 0.0772897
-0.550485 -0.862393
1.0531 0.355222
0.318956 -0.108362
0.228922 -0.0372985
1.12972 0.282311
-0.601059 -0.807851
0.334558 0.0642221
-0.251302 0.975031
0.169106 -1.11736
0.303859 0.238712
-1.31464 -0.0994149
-1.46064 0.156295
-0.715575 -0.334285
0.696493 0.666095
-0.422989 0.127125
0.339383 -1.25741
-0.339173 0.836625
0.119489 0.0917961
1.24973 -0.131821
0.504159 0.0558702
1.31248 0.0962846
-0.604115 -0.587482
-0.0792801 0.0792801
0.00813236 -0.00813236
0.00410559 -0.00410559
-0.00781929 0.00781929
0.00905001 -0.00905001
-0.00936596 0.00936596
0.00930606 -0.00930606
-0.0090859 0.0090859
0.00880004 -0.00880004
-0.00849226 0.00849226
0.00818336 -0.00818336
-0.00788313 0.00788313
0.00759591 -0.00759591
-0.00732327 0.00732327
0.00706539 -0.00706539
-0.00682176 0.00682176
0.00659154 -0.00659154
-0.00637378 0.00637378
0.00616752 -0.00616752
-0.00597182 0.00597182
0.00578581 -0.00578581
-0.0056087 0.0056087
0.00543975 -0.00543975
-0.00527831 0.00527831
0.00512379 -0.00512379
-0.00497564 0.00497564
0.00483338 -0.00483338
-0.00469658 0.00469658
0.00456484 -0.00456484
-0.0044378 0.0044378
0.00431515 -0.00431515
-0.00419658 0.00419658
