-0.00288628
0.0104795
0.00280767
-0.0101655
-0.00273141
0.00986562
0.00265738
-0.0095787
-0.00258543
0.00930378
0.00251544
-0.00903995
-0.00244731
0.00878641
0.00238091
-0.00854244
-0.00231616
0.00830737
0.00225296
-0.0080806
-0.00219124
0.00786159
0.0021309
-0.00764985
-0.00207189
0.0074449
0.00201412
-0.00724634
-0.00195754
0.00705377
0.00190208
-0.00686684
-0.00184769
0.00668523
0.00179431
-0.00650863
-0.0017419
0.00633676
0.00169041
-0.00616935
-0.0016398
0.00600617
0.00159001
-0.00584699
-0.00154101
0.0056916
0.00149277
-0.0055398
-0.00144525
0.00539142
0.00139841
-0.00524626
-0.00135222
0.00510419
0.00130665
-0.00496503
-0.00126168
0.00482866
0.00121727
-0.00469494
-0.00117339
0.00456374
0.00113003
-0.00443495
-0.00108716
0.00430844
0.00104476
-0.00418413
-0.0010028
0.0040619
0.000961266
-0.00394166
-0.000920138
0.00382333
0.000879397
-0.00370681
-0.000839028
0.00359204
0.000799014
-0.00347894
-0.000759342
0.00336743
0.000719998
-0.00325746
-0.000680972
0.00314895
0.000642254
-0.00304186
-0.000603837
0.00293614
0.000565717
-0.00283173
-0.000527891
0.0027286
0.000490364
-0.00262671
-0.000453141
0.00252605
0.000416236
-0.00242658
-0.000379672
0.00232833
0.000343481
-0.00223129
-0.000307712
0.00213552
0.000272434
-0.0020411
-0.000237747
0.00194816
0.000203798
-0.00185695
-0.000170801
0.00176783
0.00013908
-0.00168149
-0.000109134
0.00159912
8.1753e-05
-0.00152307
-5.821e-05
0.0014584
4.04455e-05
-0.00141797
-2.9936e-05
0.00144321
7.15641e-06
-0.00173681
0.000691228
0.00892934
0.0237236
0.0464939
0.0763132
0.109932
0.146557
0.188214
0.23478
0.283552
0.333976
0.387768
0.444347
0.501079
0.557623
0.615258
0.672734
0.727389
0.779113
0.828755
0.874388
0.913383
0.945983
0.97276
0.991272
0.999137
0.997231
0.986155
0.963278
0.92683
0.878727
0.820021
0.748311
0.66286
0.567054
0.462789
0.348234
0.223979
0.0951039
-0.0355136
-0.16912
-0.303906
-0.433319
-0.553883
-0.666806
-0.76976
-0.855567
-0.921146
-0.968825
-0.997015
-0.999244
-0.974225
-0.926824
-0.857575
-0.761991
-0.641714
-0.50511
-0.355526
-0.190813
-0.0155465
0.158795
0.326876
0.489813
0.641842
0.770518
0.871071
0.946488
0.992956
1.00032
0.967638
0.902971
0.807367
0.675402
0.511884
0.331154
0.139503
-0.0643436
-0.271401
-0.463563
-0.632806
-0.780722
-0.89936
-0.972567
-0.996676
-0.979803
-0.920978
-0.81131
-0.655915
-0.472749
-0.269637
-0.0449853
0.189079
0.408303
0.601447
0.769979
0.903286
0.980192
0.995966
0.962007
0.878627
0.7357
0.541182
0.3205
0.0862126
-0.162737
-0.410763
-0.626103
-0.794352
-0.920533
-0.995913
-0.99689
-0.921357
-0.791853
-0.617686
-0.390262
-0.122567
0.145559
0.39156
0.620593
0.82055
0.950023
0.990335
0.967102
0.89418
0.739423
0.487938
0.210875
0.0215702
-0.0337745
-0.00943846
0.0136742
0.00651791
-0.00780326
-0.00594174
0.00498372
0.00585943
-0.00332404
-0.00592938
0.00222296
0.00605814
-0.00143144
-0.00621376
0.000828322
0.00638369
-0.000347822
-0.00656256
-4.88206e-05
0.00674798
0.000385905
-0.00693894
-0.000679445
0.00713507
0.000940433
-0.00733633
-0.00117668
0.00754291
0.00139391
-0.00775508
-0.00159642
0.00797318
0.00178753
-0.00819762
-0.00196984
0.00842886
0.00214545
-0.00866737
-0.00231609
0.00891368
0.00248321
-0.00916837
-0.00264805
0.00943205
0.00281169
-0.00970539
-0.0029751
0.00998912
0.00313919
-0.010284
-0.00330476
0.010591
0.00347263
-0.0109109
-0.00364355
0.0112448
0.00381831
-0.011594
-0.00399768
0.0119595
0.00418245
-0.0123429
-0.00437349
0.0127458
0.00457167
-0.0131698
-0.00477796
0.0136169
0.00499341
-0.0140894
-0.00521916
0.0145897
0.00545649
-0.0151208
-0.00570683
0.0156857
0.00597179
-0.0162883
-0.0062532
0.0169329
0.00655316
-0.0176242
-0.0068741
0.0183682
0.00721883
-0.0191716
-0.00759067
0.0200423
0.00799353
-0.0209897
-0.00843208
0.0220252
0.00891194
-0.0231623
-0.00943994
0.0244179
0.0100245
-0.0258124
-0.010676
0.0273714
0.0114077
-0.0291273
-0.0122365
0.0311217
0.0131842
-0.0334089
-0.0142799
0.0360612
0.0155631
-0.0391773
-0.0170885
0.0428958
0.0189344
-0.047418
-0.0212169
0.0530489
0.0241153
-0.0602765
-0.0279216
0.069942
0.0331439
-0.0836523
-0.040747
0.105017
0.0528022
-0.14491
-0.0746834
0.276813
0.331702
-0.183414
-0.68635
-0.542158
0.0152033
0.288257
0.112042
-0.108617
-0.118274
-0.0128544
0.111989
0.188065
0.0006383
-0.471604
-0.690171
-0.157136
0.680441
0.816073
0.0546521
-0.679375
-0.609804
-0.0489418
0.25118
0.122717
-0.0766233
-0.116998
-0.026374
0.131816
0.199624
-0.0747774
-0.571237
-0.644988
0.0454119
0.813646
0.689451
-0.215961
-0.79009
-0.443064
0.168795
0.235817
-0.070297
-0.106546
0.110517
0.0565876
-0.236375
-0.131452
0.471
0.738515
0.0898911
-0.814871
-0.889125
-0.091646
0.591583
0.518842
0.0649097
-0.155772
-0.0932114
-0.0125486
0.0395062
0.11546
0.0680835
-0.199945
-0.415412
-0.27371
0.0560595
0.158478
-0.00575045
-0.10418
-0.00290309
0.0784014
0.00552907
-0.0631737
-0.00639933
0.0530812
0.00662273
-0.0458884
-0.00658038
0.0404962
0.0064247
-0.0362992
-0.00622257
0.0329359
0.00600493
-0.0301769
-0.00578651
0.0278698
0.00557421
-0.0259094
-0.00537112
0.0242207
0.00517833
-0.0227489
-0.00499599
0.021453
0.00482371
-0.0203018
-0.00466092
0.0192708
0.00450694
-0.0183412
-0.0043611
0.0174976
0.00422271
-0.0167277
-0.00409119
0.0160214
0.00396595
-0.0153706
-0.00384649
0.0147682
0.00373233
-0.0142086
-0.00362306
0.0136869
0.00351831
-0.0131988
-0.00341771
0.0127409
0.00332098
-0.01231
-0.00322783
0.0119035
0.003138
-0.0115191
-0.00305127
0.0111548
0.00296743
-0.0108088
