2.79768e-14
4.89383e-14
-3.20317e-14
-1.3366e-14
-4.94223e-15
1.71599e-14
-2.40775e-14
3.74718e-14
1.79041e-14
-9.05005e-15
-3.96978e-14
-2.91087e-14
-1.32789e-14
-1.87524e-15
-5.50775e-14
-6.82267e-15
8.08164e-15
-1.10658e-14
-1.8712e-14
-5.59101e-15
2.1426e-14
2.55525e-15
1.47703e-14
-1.77575e-14
8.13672e-15
1.54217e-15
5.90357e-14
2.33971e-14
4.51071e-15
-7.89993e-15
6.13103e-14
1.31639e-14
4.18244e-14
3.22919e-15
3.06899e-14
1.66863e-14
-8.95378e-15
1.91739e-14
4.49293e-16
3.01885e-14
7.73253e-16
1.60835e-14
-6.63389e-14
-2.40806e-14
-3.72645e-14
-2.22608e-14
-4.2782e-14
-1.84462e-14
-4.24912e-14
-2.37813e-14
-2.38958e-14
-7.37257e-15
-5.18394e-14
-9.2708e-14
-1.84889e-14
-6.38838e-14
-2.9129e-14
-4.54541e-14
7.47302e-14
5.77836e-15
6.15957e-15
-4.21451e-15
6.12234e-14
2.85076e-14
3.62039e-14
6.4922e-15
4.56198e-14
2.8812e-14
6.53327e-14
5.92833e-14
4.54047e-14
8.56494e-14
5.34832e-14
2.58335e-14
-1.9129e-14
1.4367e-14
3.20223e-14
-1.24597e-15
-3.40713e-14
1.61832e-14
4.20703e-15
-5.62701e-15
-2.71335e-14
-7.84052e-15
-2.48749e-15
3.32069e-15
-1.39848e-14
-2.47363e-14
-1.48184e-14
-1.40729e-14
2.00258e-14
3.81349e-14
2.92204e-14
3.56182e-14
4.74132e-14
2.87617e-14
2.90306e-15
1.56949e-15
-2.23603e-14
1.9958e-15
-2.55468e-14
-2.26238e-14
-2.98359e-14
2.23749e-14
5.15376e-15
3.0826e-15
-2.40974e-14
-3.73356e-15
2.2216e-14
1.3028e-14
-1.2772e-14
1.18844e-14
-5.43467e-15
6.64703e-15
-4.67061e-15
8.01898e-15
1.32269e-14
1.18228e-14
6.79156e-15
3.75112e-15
9.46399e-15
8.40148e-15
2.77422e-14
4.1026e-14
9.46554e-15
1.04721e-14
5.4606e-14
1.54867e-14
5.54176e-14
0.00781242
0.0243465
0.0473267
0.0758144
0.109203
0.147022
0.188858
0.234316
0.282991
0.334456
0.388244
0.443843
0.500688
0.558156
0.615564
0.672169
0.72717
0.779711
0.828887
0.873754
0.913339
0.946655
0.972717
0.990562
0.999268
0.997981
0.985936
0.962488
0.927138
0.879558
0.819625
0.747437
0.663346
0.56797
0.462214
0.347274
0.224644
0.0961087
-0.0362684
-0.170171
-0.303061
-0.432223
-0.554819
-0.66795
-0.768733
-0.854375
-0.922266
-0.970067
-0.995803
-0.997952
-0.97553
-0.928168
-0.856177
-0.760594
-0.643206
-0.506561
-0.35394
-0.189306
-0.0172286
0.15723
0.328655
0.491437
0.639966
0.768834
0.873044
0.948235
0.990884
0.998504
0.96981
0.904851
0.805093
0.673452
0.51426
0.333177
0.137024
-0.0664429
-0.268817
-0.461383
-0.635497
-0.782985
-0.896561
-0.970216
-0.999585
-0.982248
-0.917957
-0.808767
-0.659051
-0.475398
-0.266385
-0.0422229
0.185708
0.405419
0.604941
0.772996
0.899667
0.977031
0.999715
0.965327
0.874744
0.732203
0.545205
0.324194
0.0820415
-0.166657
-0.406436
-0.621924
-0.798847
-0.925016
-0.991235
-0.992042
-0.926239
-0.797148
-0.612568
-0.384401
-0.127969
0.138951
0.397331
0.628239
0.814253
0.940827
0.997505
0.978879
0.885192
0.722533
0.502567
0.241809
-0.0395328
3.16136e-14
6.67869e-14
-1.15932e-14
-4.76667e-14
-2.04507e-14
5.09445e-14
4.9607e-14
-3.67614e-14
4.30862e-14
1.02088e-14
4.80566e-14
-2.86108e-14
-2.18686e-14
-1.34022e-13
-3.35697e-14
1.90516e-14
4.78897e-14
1.87073e-14
4.20003e-14
6.47832e-14
4.97427e-14
-1.59716e-14
3.81964e-16
-5.74627e-15
-1.65843e-14
4.01337e-14
1.72893e-14
3.63962e-14
2.9675e-14
8.70979e-14
3.99349e-14
2.40086e-15
1.79197e-15
5.13478e-16
-3.31766e-14
-3.46893e-14
-2.85019e-14
-3.52149e-14
-3.37239e-14
-1.37442e-14
2.05578e-14
2.20483e-15
3.4534e-14
-5.24719e-14
2.32995e-14
3.83547e-15
3.27737e-14
1.03962e-14
2.10231e-14
4.22856e-14
5.04388e-14
4.14339e-14
-1.09296e-14
3.79904e-16
3.18812e-14
5.5898e-14
3.97078e-14
1.06339e-15
-7.42548e-15
2.20102e-14
-5.84168e-15
1.62197e-15
7.67615e-15
1.05142e-14
2.00846e-14
3.40665e-14
-1.89414e-14
-1.00735e-14
8.6051e-14
7.2586e-14
1.64547e-14
8.59902e-15
-2.46513e-14
3.18322e-15
-2.10188e-14
-2.42237e-14
-6.16607e-14
-3.86496e-14
3.02284e-14
5.80681e-14
1.14041e-14
-1.76248e-14
3.23014e-14
1.23096e-14
-7.62177e-14
-8.21392e-14
-1.84549e-14
-1.72709e-14
-2.67598e-14
-1.99354e-14
-1.30607e-14
-2.01818e-14
3.90868e-14
4.41105e-14
7.33962e-15
2.69784e-14
1.75398e-14
5.58963e-14
1.58901e-15
1.83117e-14
4.37844e-14
3.35461e-14
-6.06026e-14
-3.57075e-14
-3.28296e-14
-2.71241e-14
-4.31582e-14
-4.95229e-14
-5.85521e-14
-2.38976e-14
1.1921e-14
-4.72747e-14
-1.8284e-14
-2.26069e-14
2.93307e-14
-1.73056e-14
-7.70911e-15
-1.72085e-14
5.71071e-14
4.48391e-14
4.92939e-14
6.06598e-14
4.03497e-14
3.32234e-14
4.09395e-15
3.27238e-14
3.55271e-15
4.15779e-14
0.410148
0.0143201
-0.68475
-0.951422
0.231154
0.869916
-0.91725
0.563961
-0.39067
0.538209
-0.891509
0.909691
0.122212
-0.983105
-0.575788
0.158511
0.533512
0.561752
0.256908
-0.433091
-0.999056
-0.161813
0.995833
-0.658418
0.148913
0.0449872
0.135499
-0.638725
0.998456
-0.203024
-0.99625
-0.398265
0.28198
0.566025
0.511754
0.0917714
-0.670514
-0.931243
0.383656
0.698284
-0.999889
0.927376
-0.922313
0.999702
-0.742363
-0.304004
0.963495
0.582023
-0.209207
-0.607984
-0.649145
-0.360685
0.351752
0.995832
0.149401
-0.983092
0.790478
-0.445857
0.396
-0.67962
0.996146
-0.50266
-0.842586
0.211799
2.90462e-14
5.7454e-15
1.0757e-14
3.66929e-14
1.87177e-14
1.53211e-14
-2.50676e-14
-4.02456e-16
-2.24334e-14
-6.64052e-15
-5.82165e-14
-3.40006e-14
-4.86833e-14
-3.33344e-14
-7.09849e-14
-5.13617e-14
-3.36276e-14
-3.96072e-14
-3.74813e-14
-4.85931e-14
-5.84602e-15
-4.61089e-15
-3.39225e-15
-2.5608e-14
-2.62637e-15
-1.31978e-14
2.05478e-14
-2.05738e-15
3.61412e-14
4.59771e-14
1.16391e-14
2.28359e-14
2.40225e-14
1.51233e-14
-3.2971e-14
-2.0494e-14
3.93695e-14
3.85386e-14
2.76949e-15
1.24102e-14
2.23745e-14
4.41314e-15
-3.31957e-14
-5.07892e-14
-3.78603e-15
-7.55125e-15
-8.29718e-15
5.21978e-15
-1.14674e-14
-2.09173e-14
1.54169e-14
1.09201e-14
-6.37641e-15
-1.1692e-14
2.73679e-14
2.74312e-14
1.37542e-14
2.96759e-14
4.66584e-14
4.23585e-14
-2.27205e-15
1.04899e-14
3.14575e-14
2.89924e-14
