-7.55446e-05
0.00479239
0.00677509
0.00478389
5.92818e-05
-0.00459854
-0.00648787
-0.00457132
-4.24572e-05
0.0044143
0.00621349
0.00436727
2.50287e-05
-0.00423916
-0.00595116
-0.00417118
-6.99724e-06
0.00407257
0.00570015
0.00398254
-1.16131e-05
-0.00391398
-0.0054597
-0.00380086
3.07668e-05
0.00376288
0.00522912
0.00362568
-5.0424e-05
-0.00361876
-0.00500777
-0.00345657
7.05436e-05
0.00348115
0.00479504
0.00329316
-9.10853e-05
-0.00334963
-0.00459036
-0.00313506
0.00011201
0.00322379
0.00439323
0.00298196
-0.00013328
-0.00310327
-0.00420316
-0.00283356
0.000154857
0.00298773
0.00401974
0.00268959
-0.000176701
-0.00287686
-0.00384257
-0.00254982
0.00019877
0.00277038
0.00367132
0.00241403
-0.000221015
-0.00266805
-0.00350569
-0.00228209
0.000243377
0.00256962
0.00334543
0.00215385
-0.000265784
-0.00247489
-0.00319034
-0.00202925
0.000288142
0.00238368
0.00304028
0.00190829
-0.000310327
-0.00229584
-0.00289517
-0.00179104
0.000332171
0.00221124
0.00275505
0.00167769
-0.000353443
-0.00212977
-0.00262006
-0.00156858
0.000373815
0.00205138
0.00249053
0.0014643
-0.000392819
-0.00197609
-0.00236708
-0.00136579
0.000409764
0.00190402
0.00225082
0.0012746
-0.000423606
-0.00183554
-0.00214365
-0.00119333
0.00043272
0.00177147
0.00204909
0.00112654
-0.000434503
-0.00171382
-0.00197401
-0.0010827
0.000424686
0.00166773
0.00193329
0.00107918
-0.000396512
-0.00164871
-0.00196449
-0.00115595
0.000343445
0.00171592
0.00218705
0.00141733
-0.000320164
-0.00221446
-0.00314495
-0.00191021
0.00264555
0.0116035
0.0259494
0.0464717
0.0735686
0.107059
0.146138
0.18957
0.236072
0.284721
0.335179
0.387603
0.442272
0.499136
0.557531
0.616206
0.673669
0.72862
0.780247
0.828202
0.872273
0.911959
0.946207
0.973468
0.992054
1.0006
0.998341
0.985104
0.960965
0.925846
0.879286
0.820548
0.749006
0.664611
0.568155
0.461191
0.345648
0.223397
0.0960087
-0.0351393
-0.168477
-0.301823
-0.432206
-0.55606
-0.669723
-0.769971
-0.854312
-0.920908
-0.968205
-0.994554
-0.99809
-0.97701
-0.930131
-0.857449
-0.760384
-0.641599
-0.504484
-0.352632
-0.189581
-0.0189697
0.155025
0.327296
0.49177
0.641847
0.771186
0.874473
0.947853
0.988856
0.995985
0.968289
0.905272
0.807277
0.676162
0.515901
0.332731
0.134674
-0.0693749
-0.270612
-0.460929
-0.632968
-0.779793
-0.894568
-0.970656
-1.00231
-0.985749
-0.920203
-0.808368
-0.656111
-0.471523
-0.263814
-0.042544
0.182523
0.401084
0.601945
0.77319
0.903139
0.981948
1.00327
0.965326
0.870923
0.726529
0.540889
0.323909
0.0863092
-0.159956
-0.401062
-0.62122
-0.803731
-0.933183
-0.99815
-0.993361
-0.920411
-0.786726
-0.603273
-0.382187
-0.135462
0.124662
0.384016
0.624791
0.825402
0.963011
1.0186
0.983121
0.862306
0.677836
0.463648
0.258014
0.0937714
-0.00998494
-0.051822
-0.0461313
-0.0163606
0.0140025
0.0292405
0.0252087
0.00811154
-0.0106392
-0.0208486
-0.0183112
-0.00602116
0.00828996
0.0166795
0.0151441
0.00535197
-0.00671549
-0.0142789
-0.013453
-0.00516581
0.00561106
0.0127753
0.0124866
0.0051866
-0.00480041
-0.0117889
-0.0119308
-0.00531276
0.00418284
0.0111298
0.0116336
0.00550126
-0.0036983
-0.0106938
-0.0115139
-0.00573227
0.00330929
0.0104198
0.0115254
0.00599637
-0.00299142
-0.0102703
-0.011641
-0.00628929
0.00272833
0.0102216
0.0118442
0.00660963
-0.00250884
-0.0102588
-0.0121258
-0.00695776
0.00232523
0.0103732
0.0124813
0.00733527
-0.00217227
-0.0105599
-0.0129096
-0.00774471
0.00204662
0.0108181
0.0134129
0.00818957
-0.00194653
-0.0111496
-0.0139961
-0.00867426
0.00187169
0.0115594
0.0146669
0.00920419
-0.00182334
-0.0120559
-0.0154363
-0.009786
0.00180457
0.0126515
0.0163193
0.0104277
-0.00182082
-0.0133638
-0.0173361
-0.0111391
0.00188094
0.0142176
0.0185136
0.0119319
-0.00199887
-0.0152479
-0.0198889
-0.0128206
0.0021966
0.0165056
0.0215131
0.0138226
-0.00250958
-0.0180663
-0.0234597
-0.0149585
0.00299684
0.0200479
0.0258387
0.0162517
-0.00376139
-0.0226436
-0.028824
-0.0177269
0.00499452
0.0261959
0.0327138
0.0194021
-0.0070828
-0.0313766
-0.0380835
-0.0212701
0.0109055
0.039718
0.0462748
0.0232672
-0.0188552
-0.0556878
-0.061686
-0.0256431
0.0398323
0.101126
0.118821
0.0684987
-0.0435305
-0.178644
-0.280943
-0.302819
-0.228919
-0.0862338
0.0658199
0.161651
0.160032
0.064103
-0.0793316
-0.201487
-0.24416
-0.187487
-0.059313
0.0785031
0.160203
0.147928
0.0496359
-0.0855088
-0.191781
-0.219212
-0.157606
-0.0405936
0.0718921
0.12368
0.0899333
-0.0112529
-0.128551
-0.203151
-0.197616
-0.113756
0.00880217
0.112095
0.147493
0.0981995
-0.0137144
-0.138304
-0.220801
-0.225609
-0.150506
-0.0255776
0.101303
0.184919
0.199848
0.147693
0.0529536
-0.0489417
-0.12537
-0.156502
-0.138849
-0.0829098
-0.00752766
0.0661902
0.119678
0.14012
0.122469
0.0705085
-0.00347675
-0.081107
-0.14258
-0.172605
-0.165501
-0.12719
-0.072881
-0.0211069
0.0133889
0.0248248
0.0173687
0.00173525
-0.0107068
-0.0133075
-0.00644469
0.00403407
0.0109925
0.0103059
0.00294263
-0.00609691
-0.0110941
-0.00909362
-0.00152601
0.00685777
0.0109661
0.00841857
0.000874779
-0.00707223
-0.0106977
-0.00794015
-0.000549585
0.00703443
0.0103537
0.00754611
0.000376901
-0.00687513
-0.00997333
-0.00719488
-0.00028009
0.00665775
0.00957961
0.00686974
0.000222551
-0.00641485
-0.00918595
-0.0065635
-0.000185787
0.00616378
0.00879998
0.00627277
0.000160058
-0.00591389
-0.00842592
-0.00599575
-0.00014008
0.00567024
0.00806592
0.00573131
0.000122936
-0.00543542
-0.00772089
-0.00547861
-0.000106998
0.00521064
0.00739098
0.00523691
9.13649e-05
-0.00499632
-0.00707589
-0.00500555
