0.000883331
-0.000570696
-0.00186664
-0.00282839
-0.00333755
-0.00334714
-0.00288415
-0.00204132
-0.000959851
0.000193765
0.00125313
0.00207565
0.00256125
0.00266379
0.00239382
0.00181318
0.00102255
0.000144487
-0.00069544
-0.00138634
-0.00184621
-0.00203087
-0.00193675
-0.00159782
-0.00107748
-0.000457332
0.000175572
0.000740696
0.00117383
0.00143351
0.00150362
0.00139235
0.00112814
0.000753683
0.000319162
-0.000124316
-0.000530148
-0.00086014
-0.00108675
-0.00119385
-0.00117647
-0.00103983
-0.000798254
-0.000473987
-9.60403e-05
0.000301129
0.000679365
0.000999255
0.0012234
0.0013204
0.00126927
0.00106355
0.000714473
0.000252277
-0.00027492
-0.000805095
-0.001269
-0.00159895
-0.00173871
-0.00165287
-0.00133444
-0.00080885
-0.00013359
0.000607148
0.00131246
0.00187827
0.00221262
0.00225051
0.00196585
0.00137846
0.000554569
-0.000399757
-0.00135183
-0.00216058
-0.00269735
-0.00286623
-0.00262068
-0.00197368
-0.000999359
0.00017463
0.0013834
0.00244774
0.00320057
0.00351294
0.00331564
0.00261283
0.00148518
8.14932e-05
-0.00140048
-0.00274161
-0.00373357
-0.00421085
-0.00407784
-0.00332648
-0.00204147
-0.000391734
0.00139133
0.00304586
0.00431763
0.00499848
0.00495955
0.004174
0.00272542
0.000800059
-0.00133638
-0.00337476
-0.00500632
-0.00596818
-0.00608387
-0.005293
-0.00366513
-0.00139571
0.00121614
0.00380525
0.0059886
0.00741778
0.00782873
0.00708217
0.00518969
0.00232225
-0.00119929
-0.00492963
-0.00833632
-0.0108429
-0.0118719
-0.0108817
-0.0073924
-0.000999221
0.00862757
0.0217531
0.038595
0.0593406
0.0841603
0.113211
0.146629
0.184503
0.226851
0.273574
0.324421
0.378958
0.436549
0.496358
0.557368
0.618424
0.678289
0.735707
0.789474
0.838494
0.88182
0.91867
0.948426
0.9706
0.984788
0.990607
0.987649
0.975426
0.953359
0.920785
0.877002
0.821346
0.753289
0.672557
0.579243
0.473901
0.357619
0.232042
0.0993541
-0.037787
-0.176359
-0.313111
-0.444716
-0.567918
-0.679671
-0.77724
-0.858268
-0.920808
-0.963318
-0.984636
-0.983946
-0.960751
-0.914869
-0.846456
-0.756065
-0.644738
-0.514115
-0.366547
-0.205184
-0.0340266
0.142086
0.31757
0.486274
0.641736
0.777506
0.887516
0.96646
1.01016
1.01586
0.982458
0.910639
0.802852
0.66322
0.497329
0.311937
0.114638
-0.0864993
-0.283289
-0.467754
-0.632413
-0.770523
-0.876278
-0.944973
-0.973161
-0.958785
-0.901328
-0.801952
-0.663618
-0.491189
-0.291443
-0.0730122
0.153832
0.377531
0.585765
0.766129
0.906941
0.998108
1.032
1.00425
0.914355
0.766027
0.567262
0.330001
0.0694527
-0.196918
-0.45066
-0.673772
-0.850157
-0.966988
-1.01582
-0.993349
-0.901757
-0.748532
-0.545846
-0.309493
-0.0575137
0.191385
0.419441
0.611333
0.75542
0.844591
0.876671
0.854341
0.7846
0.677843
0.546656
0.404476
0.264255
0.137263
0.0321503
-0.0456375
-0.094072
-0.114368
-0.11048
-0.0883415
-0.0549684
-0.0175209
0.0175487
0.0451765
0.0621279
0.0671672
0.0609591
0.045739
0.0248141
0.00197662
-0.0190893
-0.0353255
-0.0446811
-0.0463178
-0.0406245
-0.0290563
-0.0138331
0.00244727
0.0172219
0.0283398
0.0343513
0.0346759
0.0296297
0.0203203
0.00843059
-0.00406828
-0.0152301
-0.0234241
-0.0275625
-0.0272331
-0.0227253
-0.0149484
-0.00526167
0.00475376
0.013546
0.0198258
0.0227496
0.0220267
0.0179371
0.0112635
0.0031488
-0.00509373
-0.0121886
-0.0170914
-0.0191387
-0.0181342
-0.0143594
-0.00851153
-0.00157967
0.00531862
0.0111144
0.0149505
0.0163058
0.0150635
0.0115147
0.00629871
0.00029155
-0.00553822
-0.0102835
-0.0132379
-0.0139994
-0.0125237
-0.00911933
-0.00438862
0.000875891
0.00582193
0.00967357
0.0118516
0.0120599
0.0103243
0.00698056
0.00261266
-0.00204636
-0.0062352
-0.00928687
-0.0107338
-0.0103791
-0.00832272
-0.00494025
-0.000816983
0.0033504
0.00686897
0.00916269
0.00986548
0.00887937
0.0063886
0.0028277
-0.00119117
-0.00497988
-0.0078885
-0.00941353
-0.00928282
-0.00750314
-0.00436248
-0.000386265
0.00374613
0.00731165
0.00966342
0.0103411
0.0091541
0.00622325
0.00197399
-0.00292008
-0.00763535
-0.0113246
-0.013253
-0.0129229
-0.0101691
-0.00520839
0.00136536
0.00864124
0.0155002
0.0207588
0.0233279
0.0223653
0.0174009
0.00841578
-0.00413459
-0.0193593
-0.0360267
-0.0527042
-0.0679242
-0.0803554
-0.0889569
-0.0930953
-0.092611
-0.0878252
-0.0794887
-0.0686804
-0.0566694
-0.04476
-0.0341403
-0.025752
-0.0201995
-0.0177052
-0.0181164
-0.0209587
-0.0255258
-0.0309924
-0.0365323
-0.0414263
-0.0451453
-0.0473997
-0.0481503
-0.0475823
-0.0460501
-0.0440015
-0.0418954
-0.0401257
-0.0389615
-0.0385122
-0.0387198
-0.0393793
-0.0401796
-0.0407595
-0.0407666
-0.0399121
-0.0380109
-0.0350044
-0.0309619
-0.0260633
-0.0205676
-0.0147738
-0.00898134
-0.00345715
0.0015856
0.00599449
0.00967101
0.012553
0.0145914
0.0157283
0.0158811
0.0149389
0.012773
0.00926142
0.00432324
-0.00204174
-0.00971634
-0.0184399
-0.0277991
-0.037241
-0.046109
-0.0536995
-0.0593337
-0.0624364
-0.06261
-0.0596946
-0.0538044
-0.0453329
-0.0349259
-0.0234232
-0.0117739
-0.000937134
0.00822111
0.0150223
0.0190481
0.0201826
0.0186184
0.014826
0.00949061
0.00342348
-0.0025388
-0.00763584
-0.0112718
-0.0130799
-0.0129559
-0.0110557
-0.00776086
-0.00361493
0.000757352
0.00473843
0.0078009
0.00957429
0.00988737
0.00878118
0.00649227
0.00340976
1.33045e-05
-0.00319861
-0.00577959
-0.00739564
-0.00786672
-0.00718468
-0.00550601
-0.00312162
-0.000408781
0.00222681
0.00441045
0.00585061
0.00637673
0.00595791
0.00470067
0.00282705
0.000637087
-0.00153817
-0.00338591
-0.00465577
-0.005193
-0.00495613
-0.00401739
-0.00254671
-0.000782313
0.00100718
0.00256306
0.00367345
0.0042015
0.00410133
0.00341983
0.00228504
